4294967294,0
4294967278,36
4294967278,35
4294967278,34
4294967278,33
4294967278,32
4294967278,31
4294967278,30
4294967278,29
4294967278,28
4294967278,27
4294967278,26
4294967278,25
4294967278,24
4294967278,23
4294967278,22
4294967278,21
4294967278,20
4294967278,19
4294967278,18
4294967278,17
4294967278,16
4294967278,15
4294967278,14
4294967278,13
4294967278,12
4294967278,11
4294967278,10
4294967278,9
4294967279,24
4294967279,22
4294967279,21
4294967279,19
4294967279,17
4294967279,16
4294967279,15
4294967279,11
4294967278,132
4294967278,131
4294967278,130
4294967278,129
4294967278,128
4294967278,127
4294967278,126
4294967278,125
4294967278,124
4294967278,123
4294967278,122
4294967278,121
4294967278,120
4294967278,119
4294967278,118
4294967278,117
4294967278,116
4294967278,115
4294967278,114
4294967278,113
4294967278,112
4294967278,111
4294967278,110
4294967278,109
4294967278,108
4294967278,107
4294967278,106
4294967278,105
4294967278,104
4294967278,103
4294967278,102
4294967278,101
4294967278,100
4294967278,99
4294967278,98
4294967278,97
4294967278,96
4294967278,95
4294967278,94
4294967278,93
4294967278,92
4294967278,91
4294967278,90
4294967278,89
4294967278,87
4294967278,86
4294967278,85
4294967278,84
4294967278,83
4294967278,82
4294967278,81
4294967278,79
4294967278,78
4294967278,77
4294967278,76
4294967278,75
4294967278,74
4294967278,73
4294967278,72
4294967278,71
4294967278,70
4294967278,69
4294967278,68
4294967278,67
4294967278,66
4294967278,65
4294967278,64
4294967278,63
4294967278,62
4294967278,61
4294967278,60
4294967278,59
4294967278,58
4294967278,57
4294967278,56
4294967278,55
4294967278,54
4294967278,53
4294967278,52
4294967278,51
4294967278,50
4294967278,49
4294967278,48
4294967278,47
4294967278,46
4294967278,45
4294967278,44
4294967278,43
4294967278,42
4294967278,41
4294967278,40
4294967278,39
4294967278,38
4294967278,37
4294967279,23
4294967279,20
4294967279,18
4294967279,14
4294967279,13
4294967279,12
4294967279,10
4294967279,9
4294967279,8
4294967279,7
4294967279,6
4294967279,5
4294967279,4
4294967294,92
4294967294,88
4294967294,426
4294967294,470
4294967294,18
4294967294,127
4294967294,14
4294967294,126
4294967294,20
4294967294,13
4294967294,22
4294967294,17
4294967294,99
4294967294,41
4294967294,43
4294967294,417
4294967294,25
4294967294,1216
4294967294,26
4294967294,1419
4294967278,207
4294967278,206
4294967278,205
4294967294,1081
4294967278,204
4294967278,203
4294967278,202
4294967278,201
4294967278,200
4294967294,190
4294967294,1074
4294967278,197
4294967278,196
4294967278,195
4294967278,194
4294967294,10
4294967294,422
4294967294,182
4294967294,173
4294967294,170
4294967294,81
4294967294,1163
4294967294,30
4294967294,1237
4294967294,1236
4294967294,1234
4294967294,1233
4294967294,1228
4294967294,1217
4294967294,1062
4294967294,1060
4294967294,1059
4294967294,1058
4294967294,1057
4294967294,60
4294967294,427
4294967294,12
4294967294,67
4294967294,185
4294967294,1159
4294967294,1158
4294967294,1157
4294967294,1156
4294967294,1155
4294967294,1153
4294967294,1152
4294967294,1085
4294967294,1082
4294967294,1080
4294967294,1079
4294967294,1077
4294967294,1075
4294967294,1073
4294967294,1070
4294967294,1069
4294967294,1067
4294967294,1066
4294967294,1065
4294967294,401
4294967294,176
4294967294,163
4294967294,82
4294967294,11
4294967294,68
0,5
4294967278,80
4294967294,7
4294967279,0
4294967294,6
4294967294,5
4294967294,477
4294967278,369
4294967278,368
4294967279,427
4294967279,426
39,5
39,4
39,3
39,2
39,1
4294967278,367
4294967278,366
4294967279,425
4294967294,476
4294967278,365
4294967278,364
4294967294,1427
4294967278,363
4294967279,424
4294967278,362
38,8
38,7
38,6
38,5
38,4
38,3
38,2
38,1
4294967278,361
4294967278,360
4294967279,423
4294967278,359
4294967279,422
4294967279,421
4294967279,420
4294967279,419
4294967278,358
4294967279,418
4294967278,357
4294967278,356
4294967279,417
4294967278,355
4294967278,354
4294967278,353
4294967279,416
4294967294,1426
4294967278,352
4294967279,415
33,5
33,4
33,3
33,2
33,1
4294967294,475
4294967279,414
4294967278,351
4294967279,413
4294967294,1425
4294967294,1424
31,6
31,5
31,4
31,3
31,2
31,1
4294967278,350
4294967279,412
4294967278,349
4294967279,411
4294967279,410
4294967278,348
4294967279,409
4294967278,347
4294967278,346
4294967279,408
4294967278,345
4294967279,407
28,5
28,4
28,3
28,2
28,1
4294967278,344
4294967279,406
4294967279,405
4294967278,343
4294967279,404
4294967278,342
4294967278,341
4294967278,340
26,5
26,4
26,3
26,2
26,1
4294967278,339
4294967279,403
4294967279,402
4294967278,338
4294967279,401
4294967278,337
4294967278,336
